0,496
0,495
0,494
0,493
0,492
0,491
0,490
0,489
0,488
0,487
0,486
0,485
0,484
0,483
0,482
0,481
0,480
0,479
0,478
0,477
0,476
0,475
0,474
0,473
0,472
0,471
26,1
26,3
31,1
31,4
34,1
34,3
42,4
42,1
42,3
25,1
25,3
24,1
24,3
0,470
0,469
0,468
0,467
0,466
0,465
36,2
0,464
0,463
0,462
0,388
36,5
36,4
36,1
36,3
45,4
85,35
45,1
45,3
44,1
44,3
14,5
52,1
52,3
3,2
3,1
3,3
10,266
10,117
10,277
10,105
10,235
10,129
10,94
10,1
10,98
10,2
10,3
11,18
11,6
11,9
11,15
11,23
11,29
11,26
11,1
11,4
11,2
11,3
9,5
9,1
9,7
9,2
9,3
84,3
8,15
84,2
8,14
84,1
8,6
84,0
8,16
83,3
8,7
83,2
8,8
83,1
8,1
83,0
8,9
82,3
8,2
82,2
8,3
82,1
0,318
82,0
81,3
81,2
81,1
81,0
80,3
12,2
80,2
12,1
80,1
12,3
80,0
79,3
79,2
79,1
79,0
78,4
78,3
78,2
78,1
78,0
77,3
77,2
